# I, J, K  51    16    16
# X, Y, Z 0.50000   0.15000   0.15000
# ITR, TIME, U, P
      1     0.0005000     0.1502409     0.1673043
      2     0.0010000     0.2588548     0.1921474
      3     0.0015000     0.3519525     0.2081739
      4     0.0020000     0.4341934     0.2205952
      5     0.0025000     0.5077679     0.2311630
      6     0.0030000     0.5740012     0.2406501
      7     0.0035000     0.6337848     0.2494285
      8     0.0040000     0.6877581     0.2576742
      9     0.0045000     0.7364076     0.2654599
     10     0.0050000     0.7801270     0.2728038
     11     0.0055000     0.8192520     0.2796952
     12     0.0060000     0.8540797     0.2861097
     13     0.0065000     0.8848795     0.2920171
     14     0.0070000     0.9118989     0.2973859
     15     0.0075000     0.9353680     0.3021863
     16     0.0080000     0.9555028     0.3063914
     17     0.0085000     0.9725083     0.3099793
     18     0.0090000     0.9865827     0.3129336
     19     0.0095000     0.9979201     0.3152451
     20     0.0100000     1.0067133     0.3169124
     21     0.0105000     1.0131559     0.3179425
     22     0.0110000     1.0174429     0.3183519
     23     0.0115000     1.0197711     0.3181663
     24     0.0120000     1.0203383     0.3174205
     25     0.0125000     1.0193426     0.3161585
     26     0.0130000     1.0169811     0.3144323
     27     0.0135000     1.0134491     0.3123013
     28     0.0140000     1.0089388     0.3098308
     29     0.0145000     1.0036387     0.3070909
     30     0.0150000     0.9977329     0.3041548
     31     0.0155000     0.9913998     0.3010966
     32     0.0160000     0.9848118     0.2979904
     33     0.0165000     0.9781337     0.2949078
     34     0.0170000     0.9715214     0.2919163
     35     0.0175000     0.9651206     0.2890778
     36     0.0180000     0.9590651     0.2864475
     37     0.0185000     0.9534743     0.2840723
     38     0.0190000     0.9484522     0.2819904
     39     0.0195000     0.9440848     0.2802306
     40     0.0200000     0.9404387     0.2788121
     41     0.0205000     0.9375601     0.2777446
     42     0.0210000     0.9354730     0.2770287
     43     0.0215000     0.9341798     0.2766559
     44     0.0220000     0.9336609     0.2766099
     45     0.0225000     0.9338760     0.2768670
     46     0.0230000     0.9347663     0.2773975
     47     0.0235000     0.9362563     0.2781668
     48     0.0240000     0.9382578     0.2791365
     49     0.0245000     0.9406723     0.2802658
     50     0.0250000     0.9433956     0.2815126
      1     0.0005000     0.1502409     0.1673043
      2     0.0010000     0.2588548     0.1921474
      3     0.0015000     0.3519525     0.2081739
      4     0.0020000     0.4341934     0.2205952
      5     0.0025000     0.5077679     0.2311630
      6     0.0030000     0.5740012     0.2406501
      7     0.0035000     0.6337848     0.2494285
      8     0.0040000     0.6877581     0.2576742
      9     0.0045000     0.7364076     0.2654599
     10     0.0050000     0.7801270     0.2728038
     11     0.0055000     0.8192520     0.2796952
     12     0.0060000     0.8540797     0.2861097
     13     0.0065000     0.8848795     0.2920171
     14     0.0070000     0.9118989     0.2973859
     15     0.0075000     0.9353680     0.3021863
     16     0.0080000     0.9555028     0.3063914
     17     0.0085000     0.9725083     0.3099793
     18     0.0090000     0.9865827     0.3129336
     19     0.0095000     0.9979201     0.3152451
     20     0.0100000     1.0067133     0.3169124
     21     0.0105000     1.0131559     0.3179425
     22     0.0110000     1.0174429     0.3183519
     23     0.0115000     1.0197711     0.3181663
     24     0.0120000     1.0203383     0.3174205
     25     0.0125000     1.0193426     0.3161585
     26     0.0130000     1.0169811     0.3144323
     27     0.0135000     1.0134491     0.3123013
     28     0.0140000     1.0089388     0.3098308
     29     0.0145000     1.0036387     0.3070909
     30     0.0150000     0.9977329     0.3041548
     31     0.0155000     0.9913998     0.3010966
     32     0.0160000     0.9848118     0.2979904
     33     0.0165000     0.9781337     0.2949078
     34     0.0170000     0.9715214     0.2919163
     35     0.0175000     0.9651206     0.2890778
     36     0.0180000     0.9590651     0.2864475
     37     0.0185000     0.9534743     0.2840723
     38     0.0190000     0.9484522     0.2819904
     39     0.0195000     0.9440848     0.2802306
     40     0.0200000     0.9404387     0.2788121
     41     0.0205000     0.9375601     0.2777446
     42     0.0210000     0.9354730     0.2770287
     43     0.0215000     0.9341798     0.2766559
     44     0.0220000     0.9336609     0.2766099
     45     0.0225000     0.9338760     0.2768670
     46     0.0230000     0.9347663     0.2773975
     47     0.0235000     0.9362563     0.2781668
     48     0.0240000     0.9382578     0.2791365
     49     0.0245000     0.9406723     0.2802658
     50     0.0250000     0.9433956     0.2815126
      1     0.0005000     0.1502409     0.1673043
      2     0.0010000     0.2588548     0.1921474
      3     0.0015000     0.3519525     0.2081739
      4     0.0020000     0.4341934     0.2205952
      5     0.0025000     0.5077679     0.2311630
      6     0.0030000     0.5740012     0.2406501
      7     0.0035000     0.6337848     0.2494285
      8     0.0040000     0.6877581     0.2576742
      9     0.0045000     0.7364076     0.2654599
     10     0.0050000     0.7801270     0.2728038
     11     0.0055000     0.8192520     0.2796952
     12     0.0060000     0.8540797     0.2861097
     13     0.0065000     0.8848795     0.2920171
     14     0.0070000     0.9118989     0.2973859
     15     0.0075000     0.9353680     0.3021863
     16     0.0080000     0.9555028     0.3063914
     17     0.0085000     0.9725083     0.3099793
     18     0.0090000     0.9865827     0.3129336
     19     0.0095000     0.9979201     0.3152451
     20     0.0100000     1.0067133     0.3169124
     21     0.0105000     1.0131559     0.3179425
     22     0.0110000     1.0174429     0.3183519
     23     0.0115000     1.0197711     0.3181663
     24     0.0120000     1.0203383     0.3174205
     25     0.0125000     1.0193426     0.3161585
     26     0.0130000     1.0169811     0.3144323
     27     0.0135000     1.0134491     0.3123013
     28     0.0140000     1.0089388     0.3098308
     29     0.0145000     1.0036387     0.3070909
     30     0.0150000     0.9977329     0.3041548
     31     0.0155000     0.9913998     0.3010966
     32     0.0160000     0.9848118     0.2979904
     33     0.0165000     0.9781337     0.2949078
     34     0.0170000     0.9715214     0.2919163
     35     0.0175000     0.9651206     0.2890778
     36     0.0180000     0.9590651     0.2864475
     37     0.0185000     0.9534743     0.2840723
     38     0.0190000     0.9484522     0.2819904
     39     0.0195000     0.9440848     0.2802306
     40     0.0200000     0.9404387     0.2788121
     41     0.0205000     0.9375601     0.2777446
     42     0.0210000     0.9354730     0.2770287
     43     0.0215000     0.9341798     0.2766559
     44     0.0220000     0.9336609     0.2766099
     45     0.0225000     0.9338760     0.2768670
     46     0.0230000     0.9347663     0.2773975
     47     0.0235000     0.9362563     0.2781668
     48     0.0240000     0.9382578     0.2791365
     49     0.0245000     0.9406723     0.2802658
     50     0.0250000     0.9433956     0.2815126
      1     0.0005000     0.1502409     0.1673043
      2     0.0010000     0.2588548     0.1921474
      3     0.0015000     0.3519525     0.2081739
      4     0.0020000     0.4341934     0.2205952
      5     0.0025000     0.5077679     0.2311630
      6     0.0030000     0.5740012     0.2406501
      7     0.0035000     0.6337848     0.2494285
      8     0.0040000     0.6877581     0.2576742
      9     0.0045000     0.7364076     0.2654599
     10     0.0050000     0.7801270     0.2728038
     11     0.0055000     0.8192520     0.2796952
     12     0.0060000     0.8540797     0.2861097
     13     0.0065000     0.8848795     0.2920171
     14     0.0070000     0.9118989     0.2973859
     15     0.0075000     0.9353680     0.3021863
     16     0.0080000     0.9555028     0.3063914
     17     0.0085000     0.9725083     0.3099793
     18     0.0090000     0.9865827     0.3129336
     19     0.0095000     0.9979201     0.3152451
     20     0.0100000     1.0067133     0.3169124
     21     0.0105000     1.0131559     0.3179425
     22     0.0110000     1.0174429     0.3183519
     23     0.0115000     1.0197711     0.3181663
     24     0.0120000     1.0203383     0.3174205
     25     0.0125000     1.0193426     0.3161585
     26     0.0130000     1.0169811     0.3144323
     27     0.0135000     1.0134491     0.3123013
     28     0.0140000     1.0089388     0.3098308
     29     0.0145000     1.0036387     0.3070909
     30     0.0150000     0.9977329     0.3041548
     31     0.0155000     0.9913998     0.3010966
     32     0.0160000     0.9848118     0.2979904
     33     0.0165000     0.9781337     0.2949078
     34     0.0170000     0.9715214     0.2919163
     35     0.0175000     0.9651206     0.2890778
     36     0.0180000     0.9590651     0.2864475
     37     0.0185000     0.9534743     0.2840723
     38     0.0190000     0.9484522     0.2819904
     39     0.0195000     0.9440848     0.2802306
     40     0.0200000     0.9404387     0.2788121
     41     0.0205000     0.9375601     0.2777446
     42     0.0210000     0.9354730     0.2770287
     43     0.0215000     0.9341798     0.2766559
     44     0.0220000     0.9336609     0.2766099
     45     0.0225000     0.9338760     0.2768670
     46     0.0230000     0.9347663     0.2773975
     47     0.0235000     0.9362563     0.2781668
     48     0.0240000     0.9382578     0.2791365
     49     0.0245000     0.9406723     0.2802658
     50     0.0250000     0.9433956     0.2815126
      1     0.0005000     0.1502409     0.1673043
      2     0.0010000     0.2588548     0.1921474
      3     0.0015000     0.3519525     0.2081739
      4     0.0020000     0.4341934     0.2205952
      5     0.0025000     0.5077679     0.2311630
      6     0.0030000     0.5740012     0.2406501
      7     0.0035000     0.6337848     0.2494285
      8     0.0040000     0.6877581     0.2576742
      9     0.0045000     0.7364076     0.2654599
     10     0.0050000     0.7801270     0.2728038
     11     0.0055000     0.8192520     0.2796952
     12     0.0060000     0.8540797     0.2861097
     13     0.0065000     0.8848795     0.2920171
     14     0.0070000     0.9118989     0.2973859
     15     0.0075000     0.9353680     0.3021863
     16     0.0080000     0.9555028     0.3063914
     17     0.0085000     0.9725083     0.3099793
     18     0.0090000     0.9865827     0.3129336
     19     0.0095000     0.9979201     0.3152451
     20     0.0100000     1.0067133     0.3169124
     21     0.0105000     1.0131559     0.3179425
     22     0.0110000     1.0174429     0.3183519
     23     0.0115000     1.0197711     0.3181663
     24     0.0120000     1.0203383     0.3174205
     25     0.0125000     1.0193426     0.3161585
     26     0.0130000     1.0169811     0.3144323
     27     0.0135000     1.0134491     0.3123013
     28     0.0140000     1.0089388     0.3098308
     29     0.0145000     1.0036387     0.3070909
     30     0.0150000     0.9977329     0.3041548
     31     0.0155000     0.9913998     0.3010966
     32     0.0160000     0.9848118     0.2979904
     33     0.0165000     0.9781337     0.2949078
     34     0.0170000     0.9715214     0.2919163
     35     0.0175000     0.9651206     0.2890778
     36     0.0180000     0.9590651     0.2864475
     37     0.0185000     0.9534743     0.2840723
     38     0.0190000     0.9484522     0.2819904
     39     0.0195000     0.9440848     0.2802306
     40     0.0200000     0.9404387     0.2788121
     41     0.0205000     0.9375601     0.2777446
     42     0.0210000     0.9354730     0.2770287
     43     0.0215000     0.9341798     0.2766559
     44     0.0220000     0.9336609     0.2766099
     45     0.0225000     0.9338760     0.2768670
     46     0.0230000     0.9347663     0.2773975
     47     0.0235000     0.9362563     0.2781668
     48     0.0240000     0.9382578     0.2791365
     49     0.0245000     0.9406723     0.2802658
     50     0.0250000     0.9433956     0.2815126
      1     0.0005000     0.1502409     0.1673043
      2     0.0010000     0.2588548     0.1921474
      3     0.0015000     0.3519525     0.2081739
      4     0.0020000     0.4341934     0.2205952
      5     0.0025000     0.5077679     0.2311630
      6     0.0030000     0.5740012     0.2406501
      7     0.0035000     0.6337848     0.2494285
      8     0.0040000     0.6877581     0.2576742
      9     0.0045000     0.7364076     0.2654599
     10     0.0050000     0.7801270     0.2728038
     11     0.0055000     0.8192520     0.2796952
     12     0.0060000     0.8540797     0.2861097
     13     0.0065000     0.8848795     0.2920171
     14     0.0070000     0.9118989     0.2973859
     15     0.0075000     0.9353680     0.3021863
     16     0.0080000     0.9555028     0.3063914
     17     0.0085000     0.9725083     0.3099793
     18     0.0090000     0.9865827     0.3129336
     19     0.0095000     0.9979201     0.3152451
     20     0.0100000     1.0067133     0.3169124
     21     0.0105000     1.0131559     0.3179425
     22     0.0110000     1.0174429     0.3183519
     23     0.0115000     1.0197711     0.3181663
     24     0.0120000     1.0203383     0.3174205
     25     0.0125000     1.0193426     0.3161585
     26     0.0130000     1.0169811     0.3144323
     27     0.0135000     1.0134491     0.3123013
     28     0.0140000     1.0089388     0.3098308
     29     0.0145000     1.0036387     0.3070909
     30     0.0150000     0.9977329     0.3041548
     31     0.0155000     0.9913998     0.3010966
     32     0.0160000     0.9848118     0.2979904
     33     0.0165000     0.9781337     0.2949078
     34     0.0170000     0.9715214     0.2919163
     35     0.0175000     0.9651206     0.2890778
     36     0.0180000     0.9590651     0.2864475
     37     0.0185000     0.9534743     0.2840723
     38     0.0190000     0.9484522     0.2819904
     39     0.0195000     0.9440848     0.2802306
     40     0.0200000     0.9404387     0.2788121
     41     0.0205000     0.9375601     0.2777446
     42     0.0210000     0.9354730     0.2770287
     43     0.0215000     0.9341798     0.2766559
     44     0.0220000     0.9336609     0.2766099
     45     0.0225000     0.9338760     0.2768670
     46     0.0230000     0.9347663     0.2773975
     47     0.0235000     0.9362563     0.2781668
     48     0.0240000     0.9382578     0.2791365
     49     0.0245000     0.9406723     0.2802658
     50     0.0250000     0.9433956     0.2815126
      1     0.0005000     0.1502409     0.1673043
      2     0.0010000     0.2588548     0.1921474
      3     0.0015000     0.3519525     0.2081739
      4     0.0020000     0.4341934     0.2205952
      5     0.0025000     0.5077679     0.2311630
      6     0.0030000     0.5740012     0.2406501
      7     0.0035000     0.6337848     0.2494285
      8     0.0040000     0.6877581     0.2576742
      9     0.0045000     0.7364076     0.2654599
     10     0.0050000     0.7801270     0.2728038
     11     0.0055000     0.8192520     0.2796952
     12     0.0060000     0.8540797     0.2861097
     13     0.0065000     0.8848795     0.2920171
     14     0.0070000     0.9118989     0.2973859
     15     0.0075000     0.9353680     0.3021863
     16     0.0080000     0.9555028     0.3063914
     17     0.0085000     0.9725083     0.3099793
     18     0.0090000     0.9865827     0.3129336
     19     0.0095000     0.9979201     0.3152451
     20     0.0100000     1.0067133     0.3169124
     21     0.0105000     1.0131559     0.3179425
     22     0.0110000     1.0174429     0.3183519
     23     0.0115000     1.0197711     0.3181663
     24     0.0120000     1.0203383     0.3174205
     25     0.0125000     1.0193426     0.3161585
     26     0.0130000     1.0169811     0.3144323
     27     0.0135000     1.0134491     0.3123013
     28     0.0140000     1.0089388     0.3098308
     29     0.0145000     1.0036387     0.3070909
     30     0.0150000     0.9977329     0.3041548
     31     0.0155000     0.9913998     0.3010966
     32     0.0160000     0.9848118     0.2979904
     33     0.0165000     0.9781337     0.2949078
     34     0.0170000     0.9715214     0.2919163
     35     0.0175000     0.9651206     0.2890778
     36     0.0180000     0.9590651     0.2864475
     37     0.0185000     0.9534743     0.2840723
     38     0.0190000     0.9484522     0.2819904
     39     0.0195000     0.9440848     0.2802306
     40     0.0200000     0.9404387     0.2788121
     41     0.0205000     0.9375601     0.2777446
     42     0.0210000     0.9354730     0.2770287
     43     0.0215000     0.9341798     0.2766559
     44     0.0220000     0.9336609     0.2766099
     45     0.0225000     0.9338760     0.2768670
     46     0.0230000     0.9347663     0.2773975
     47     0.0235000     0.9362563     0.2781668
     48     0.0240000     0.9382578     0.2791365
     49     0.0245000     0.9406723     0.2802658
     50     0.0250000     0.9433956     0.2815126
