# I, J, K  11    11    11
# X, Y, Z 0.10000   0.10000   0.10000
# ITR, TIME, U, P
      1     0.0005000    -0.0000000     1.0000000
      2     0.0010000    -0.0000000     1.0000001
      3     0.0015000     0.0000000     1.0000001
      4     0.0020000    -0.0000000     1.0000001
      5     0.0025000     0.0000000     1.0000002
      6     0.0030000     0.0000000     1.0000002
      7     0.0035000    -0.0000000     1.0000002
      8     0.0040000    -0.0000000     1.0000002
      9     0.0045000    -0.0000000     1.0000003
     10     0.0050000    -0.0000000     1.0000003
     11     0.0055000     0.0000000     1.0000004
     12     0.0060000     0.0000000     1.0000004
     13     0.0065000     0.0000000     1.0000004
     14     0.0070000     0.0000000     1.0000004
     15     0.0075000    -0.0000000     1.0000005
     16     0.0080000    -0.0000000     1.0000005
     17     0.0085000    -0.0000000     1.0000005
     18     0.0090000    -0.0000000     1.0000005
     19     0.0095000    -0.0000000     1.0000006
     20     0.0100000    -0.0000000     1.0000006
     21     0.0105000    -0.0000000     1.0000006
     22     0.0110000    -0.0000000     1.0000007
     23     0.0115000     0.0000000     1.0000007
     24     0.0120000     0.0000000     1.0000007
     25     0.0125000     0.0000000     1.0000008
     26     0.0130000     0.0000000     1.0000008
     27     0.0135000     0.0000000     1.0000008
     28     0.0140000     0.0000000     1.0000009
     29     0.0145000     0.0000000     1.0000009
     30     0.0150000     0.0000000     1.0000009
     31     0.0155000     0.0000000     1.0000009
     32     0.0160000     0.0000000     1.0000010
     33     0.0165000     0.0000000     1.0000010
     34     0.0170000     0.0000000     1.0000010
     35     0.0175000     0.0000000     1.0000011
     36     0.0180000    -0.0000000     1.0000011
     37     0.0185000    -0.0000000     1.0000011
     38     0.0190000    -0.0000000     1.0000011
     39     0.0195000    -0.0000000     1.0000012
     40     0.0200000    -0.0000000     1.0000012
     41     0.0205000    -0.0000000     1.0000012
     42     0.0210000    -0.0000000     1.0000013
     43     0.0215000    -0.0000000     1.0000013
     44     0.0220000    -0.0000000     1.0000013
     45     0.0225000    -0.0000000     1.0000014
     46     0.0230000    -0.0000000     1.0000014
     47     0.0235000    -0.0000000     1.0000014
     48     0.0240000    -0.0000000     1.0000014
     49     0.0245000    -0.0000000     1.0000015
     50     0.0250000    -0.0000000     1.0000015
     51     0.0255000    -0.0000000     1.0000015
     52     0.0260000    -0.0000000     1.0000016
     53     0.0265000    -0.0000000     1.0000016
     54     0.0270000    -0.0000000     1.0000016
     55     0.0275000    -0.0000000     1.0000017
     56     0.0280000     0.0000000     1.0000017
     57     0.0285000     0.0000000     1.0000017
     58     0.0290000     0.0000000     1.0000017
     59     0.0295000     0.0000000     1.0000018
     60     0.0300000     0.0000000     1.0000018
     61     0.0305000     0.0000000     1.0000018
     62     0.0310000     0.0000000     1.0000019
     63     0.0315000     0.0000000     1.0000019
     64     0.0320000     0.0000000     1.0000019
     65     0.0325000     0.0000000     1.0000020
     66     0.0330000     0.0000000     1.0000020
     67     0.0335000     0.0000000     1.0000020
     68     0.0340000    -0.0000000     1.0000020
     69     0.0345000    -0.0000000     1.0000021
     70     0.0350000    -0.0000000     1.0000021
     71     0.0355000    -0.0000000     1.0000021
     72     0.0360000    -0.0000000     1.0000022
     73     0.0365000    -0.0000000     1.0000022
     74     0.0370000    -0.0000000     1.0000022
     75     0.0375000    -0.0000000     1.0000023
     76     0.0380000    -0.0000000     1.0000023
     77     0.0385000    -0.0000000     1.0000023
     78     0.0390000     0.0000000     1.0000023
     79     0.0395000     0.0000000     1.0000024
     80     0.0400000     0.0000000     1.0000024
     81     0.0405000     0.0000000     1.0000024
     82     0.0410000     0.0000000     1.0000025
     83     0.0415000     0.0000000     1.0000025
     84     0.0420000     0.0000000     1.0000025
     85     0.0425000     0.0000000     1.0000025
     86     0.0430000     0.0000000     1.0000026
     87     0.0435000     0.0000000     1.0000026
     88     0.0440000     0.0000000     1.0000026
     89     0.0445000     0.0000000     1.0000027
     90     0.0450000     0.0000000     1.0000027
     91     0.0455000     0.0000000     1.0000027
     92     0.0460000     0.0000000     1.0000028
     93     0.0465000    -0.0000000     1.0000028
     94     0.0470000    -0.0000000     1.0000028
     95     0.0475000    -0.0000000     1.0000028
     96     0.0480000    -0.0000000     1.0000029
     97     0.0485000    -0.0000000     1.0000029
     98     0.0490000    -0.0000000     1.0000029
     99     0.0495000    -0.0000000     1.0000030
    100     0.0500000    -0.0000000     1.0000030
    101     0.0505000    -0.0000000     1.0000030
    102     0.0510000    -0.0000000     1.0000031
    103     0.0515000    -0.0000000     1.0000031
    104     0.0520000    -0.0000000     1.0000031
    105     0.0525000    -0.0000000     1.0000031
    106     0.0530000    -0.0000000     1.0000032
    107     0.0535000    -0.0000000     1.0000032
    108     0.0540000    -0.0000000     1.0000032
    109     0.0545000     0.0000000     1.0000033
    110     0.0550000     0.0000000     1.0000033
    111     0.0555000     0.0000000     1.0000033
    112     0.0560000     0.0000000     1.0000034
    113     0.0565000     0.0000000     1.0000034
    114     0.0570000     0.0000000     1.0000034
    115     0.0575000     0.0000000     1.0000034
    116     0.0580000     0.0000000     1.0000035
    117     0.0585000     0.0000000     1.0000035
    118     0.0590000     0.0000000     1.0000035
    119     0.0595000     0.0000000     1.0000036
    120     0.0600000     0.0000000     1.0000036
    121     0.0605000     0.0000000     1.0000036
    122     0.0610000     0.0000000     1.0000036
    123     0.0615000     0.0000000     1.0000037
    124     0.0620000     0.0000000     1.0000037
    125     0.0625000     0.0000000     1.0000037
    126     0.0630000     0.0000000     1.0000038
    127     0.0635000     0.0000000     1.0000038
    128     0.0640000     0.0000000     1.0000038
    129     0.0645000     0.0000000     1.0000039
    130     0.0650000     0.0000000     1.0000039
    131     0.0655000     0.0000000     1.0000039
    132     0.0660000     0.0000000     1.0000039
    133     0.0665000     0.0000000     1.0000040
    134     0.0670000     0.0000000     1.0000040
    135     0.0675000     0.0000000     1.0000040
    136     0.0680000    -0.0000000     1.0000041
    137     0.0685000    -0.0000000     1.0000041
    138     0.0690000    -0.0000000     1.0000041
    139     0.0695000    -0.0000000     1.0000042
    140     0.0700000    -0.0000000     1.0000042
    141     0.0705000    -0.0000000     1.0000042
    142     0.0710000    -0.0000000     1.0000043
    143     0.0715000    -0.0000000     1.0000043
    144     0.0720000    -0.0000000     1.0000043
    145     0.0725000    -0.0000000     1.0000043
    146     0.0730000    -0.0000000     1.0000044
    147     0.0735000    -0.0000000     1.0000044
    148     0.0740000    -0.0000000     1.0000044
    149     0.0745000    -0.0000000     1.0000045
    150     0.0750000    -0.0000000     1.0000045
    151     0.0755000    -0.0000000     1.0000045
    152     0.0760000    -0.0000000     1.0000046
    153     0.0765000    -0.0000000     1.0000046
    154     0.0770000    -0.0000000     1.0000046
    155     0.0775000    -0.0000000     1.0000046
    156     0.0780000    -0.0000000     1.0000047
    157     0.0785000    -0.0000000     1.0000047
    158     0.0790000     0.0000000     1.0000047
    159     0.0795000     0.0000000     1.0000047
    160     0.0800000     0.0000000     1.0000048
    161     0.0805000     0.0000000     1.0000048
    162     0.0810000     0.0000000     1.0000048
    163     0.0815000     0.0000000     1.0000048
    164     0.0820000     0.0000000     1.0000049
    165     0.0825000     0.0000000     1.0000049
    166     0.0830000     0.0000000     1.0000049
    167     0.0835000     0.0000000     1.0000049
    168     0.0840000     0.0000000     1.0000050
    169     0.0845000     0.0000001     1.0000050
    170     0.0850000     0.0000001     1.0000050
    171     0.0855000     0.0000001     1.0000051
    172     0.0860000     0.0000001     1.0000051
    173     0.0865000     0.0000001     1.0000051
    174     0.0870000     0.0000000     1.0000052
    175     0.0875000     0.0000000     1.0000052
    176     0.0880000     0.0000000     1.0000052
    177     0.0885000     0.0000000     1.0000053
    178     0.0890000     0.0000000     1.0000053
    179     0.0895000     0.0000000     1.0000053
    180     0.0900000    -0.0000000     1.0000054
    181     0.0905000    -0.0000000     1.0000054
    182     0.0910000    -0.0000000     1.0000055
    183     0.0915000    -0.0000000     1.0000055
    184     0.0920000    -0.0000001     1.0000056
    185     0.0925000    -0.0000001     1.0000056
    186     0.0930000    -0.0000001     1.0000057
    187     0.0935000    -0.0000001     1.0000057
    188     0.0940000    -0.0000001     1.0000058
    189     0.0945000    -0.0000001     1.0000058
    190     0.0950000    -0.0000001     1.0000059
    191     0.0955000    -0.0000001     1.0000059
    192     0.0960000    -0.0000001     1.0000059
    193     0.0965000    -0.0000002     1.0000060
    194     0.0970000    -0.0000001     1.0000060
    195     0.0975000    -0.0000001     1.0000060
    196     0.0980000    -0.0000001     1.0000060
    197     0.0985000    -0.0000001     1.0000061
    198     0.0990000    -0.0000001     1.0000061
    199     0.0995000    -0.0000001     1.0000061
    200     0.1000000    -0.0000001     1.0000061
      1     0.0005000    -0.0000000     1.0000000
      2     0.0010000    -0.0000000     1.0000001
      3     0.0015000     0.0000000     1.0000001
      4     0.0020000    -0.0000000     1.0000001
      5     0.0025000     0.0000000     1.0000002
      6     0.0030000     0.0000000     1.0000002
      7     0.0035000    -0.0000000     1.0000002
      8     0.0040000    -0.0000000     1.0000002
      9     0.0045000    -0.0000000     1.0000003
     10     0.0050000    -0.0000000     1.0000003
     11     0.0055000     0.0000000     1.0000004
     12     0.0060000     0.0000000     1.0000004
     13     0.0065000     0.0000000     1.0000004
     14     0.0070000     0.0000000     1.0000004
     15     0.0075000    -0.0000000     1.0000005
     16     0.0080000    -0.0000000     1.0000005
     17     0.0085000    -0.0000000     1.0000005
     18     0.0090000    -0.0000000     1.0000005
     19     0.0095000    -0.0000000     1.0000006
     20     0.0100000    -0.0000000     1.0000006
     21     0.0105000    -0.0000000     1.0000006
     22     0.0110000    -0.0000000     1.0000007
     23     0.0115000     0.0000000     1.0000007
     24     0.0120000     0.0000000     1.0000007
     25     0.0125000     0.0000000     1.0000008
     26     0.0130000     0.0000000     1.0000008
     27     0.0135000     0.0000000     1.0000008
     28     0.0140000     0.0000000     1.0000009
     29     0.0145000     0.0000000     1.0000009
     30     0.0150000     0.0000000     1.0000009
     31     0.0155000     0.0000000     1.0000009
     32     0.0160000     0.0000000     1.0000010
     33     0.0165000     0.0000000     1.0000010
     34     0.0170000     0.0000000     1.0000010
     35     0.0175000     0.0000000     1.0000011
     36     0.0180000    -0.0000000     1.0000011
     37     0.0185000    -0.0000000     1.0000011
     38     0.0190000    -0.0000000     1.0000011
     39     0.0195000    -0.0000000     1.0000012
     40     0.0200000    -0.0000000     1.0000012
     41     0.0205000    -0.0000000     1.0000012
     42     0.0210000    -0.0000000     1.0000013
     43     0.0215000    -0.0000000     1.0000013
     44     0.0220000    -0.0000000     1.0000013
     45     0.0225000    -0.0000000     1.0000014
     46     0.0230000    -0.0000000     1.0000014
     47     0.0235000    -0.0000000     1.0000014
     48     0.0240000    -0.0000000     1.0000014
     49     0.0245000    -0.0000000     1.0000015
     50     0.0250000    -0.0000000     1.0000015
     51     0.0255000    -0.0000000     1.0000015
     52     0.0260000    -0.0000000     1.0000016
     53     0.0265000    -0.0000000     1.0000016
     54     0.0270000    -0.0000000     1.0000016
     55     0.0275000    -0.0000000     1.0000017
     56     0.0280000     0.0000000     1.0000017
     57     0.0285000     0.0000000     1.0000017
     58     0.0290000     0.0000000     1.0000017
     59     0.0295000     0.0000000     1.0000018
     60     0.0300000     0.0000000     1.0000018
     61     0.0305000     0.0000000     1.0000018
     62     0.0310000     0.0000000     1.0000019
     63     0.0315000     0.0000000     1.0000019
     64     0.0320000     0.0000000     1.0000019
     65     0.0325000     0.0000000     1.0000020
     66     0.0330000     0.0000000     1.0000020
     67     0.0335000     0.0000000     1.0000020
     68     0.0340000    -0.0000000     1.0000020
     69     0.0345000    -0.0000000     1.0000021
     70     0.0350000    -0.0000000     1.0000021
     71     0.0355000    -0.0000000     1.0000021
     72     0.0360000    -0.0000000     1.0000022
     73     0.0365000    -0.0000000     1.0000022
     74     0.0370000    -0.0000000     1.0000022
     75     0.0375000    -0.0000000     1.0000023
     76     0.0380000    -0.0000000     1.0000023
     77     0.0385000    -0.0000000     1.0000023
     78     0.0390000     0.0000000     1.0000023
     79     0.0395000     0.0000000     1.0000024
     80     0.0400000     0.0000000     1.0000024
     81     0.0405000     0.0000000     1.0000024
     82     0.0410000     0.0000000     1.0000025
     83     0.0415000     0.0000000     1.0000025
     84     0.0420000     0.0000000     1.0000025
     85     0.0425000     0.0000000     1.0000025
     86     0.0430000     0.0000000     1.0000026
     87     0.0435000     0.0000000     1.0000026
     88     0.0440000     0.0000000     1.0000026
     89     0.0445000     0.0000000     1.0000027
     90     0.0450000     0.0000000     1.0000027
     91     0.0455000     0.0000000     1.0000027
     92     0.0460000     0.0000000     1.0000028
     93     0.0465000    -0.0000000     1.0000028
     94     0.0470000    -0.0000000     1.0000028
     95     0.0475000    -0.0000000     1.0000028
     96     0.0480000    -0.0000000     1.0000029
     97     0.0485000    -0.0000000     1.0000029
     98     0.0490000    -0.0000000     1.0000029
     99     0.0495000    -0.0000000     1.0000030
    100     0.0500000    -0.0000000     1.0000030
    101     0.0505000    -0.0000000     1.0000030
    102     0.0510000    -0.0000000     1.0000031
    103     0.0515000    -0.0000000     1.0000031
    104     0.0520000    -0.0000000     1.0000031
    105     0.0525000    -0.0000000     1.0000031
    106     0.0530000    -0.0000000     1.0000032
    107     0.0535000    -0.0000000     1.0000032
    108     0.0540000    -0.0000000     1.0000032
    109     0.0545000     0.0000000     1.0000033
    110     0.0550000     0.0000000     1.0000033
    111     0.0555000     0.0000000     1.0000033
    112     0.0560000     0.0000000     1.0000034
    113     0.0565000     0.0000000     1.0000034
    114     0.0570000     0.0000000     1.0000034
    115     0.0575000     0.0000000     1.0000034
    116     0.0580000     0.0000000     1.0000035
    117     0.0585000     0.0000000     1.0000035
    118     0.0590000     0.0000000     1.0000035
    119     0.0595000     0.0000000     1.0000036
    120     0.0600000     0.0000000     1.0000036
    121     0.0605000     0.0000000     1.0000036
    122     0.0610000     0.0000000     1.0000036
    123     0.0615000     0.0000000     1.0000037
    124     0.0620000     0.0000000     1.0000037
    125     0.0625000     0.0000000     1.0000037
    126     0.0630000     0.0000000     1.0000038
    127     0.0635000     0.0000000     1.0000038
    128     0.0640000     0.0000000     1.0000038
    129     0.0645000     0.0000000     1.0000039
    130     0.0650000     0.0000000     1.0000039
    131     0.0655000     0.0000000     1.0000039
    132     0.0660000     0.0000000     1.0000039
    133     0.0665000     0.0000000     1.0000040
    134     0.0670000     0.0000000     1.0000040
    135     0.0675000     0.0000000     1.0000040
    136     0.0680000    -0.0000000     1.0000041
    137     0.0685000    -0.0000000     1.0000041
    138     0.0690000    -0.0000000     1.0000041
    139     0.0695000    -0.0000000     1.0000042
    140     0.0700000    -0.0000000     1.0000042
    141     0.0705000    -0.0000000     1.0000042
    142     0.0710000    -0.0000000     1.0000043
    143     0.0715000    -0.0000000     1.0000043
    144     0.0720000    -0.0000000     1.0000043
    145     0.0725000    -0.0000000     1.0000043
    146     0.0730000    -0.0000000     1.0000044
    147     0.0735000    -0.0000000     1.0000044
    148     0.0740000    -0.0000000     1.0000044
    149     0.0745000    -0.0000000     1.0000045
    150     0.0750000    -0.0000000     1.0000045
    151     0.0755000    -0.0000000     1.0000045
    152     0.0760000    -0.0000000     1.0000046
    153     0.0765000    -0.0000000     1.0000046
    154     0.0770000    -0.0000000     1.0000046
    155     0.0775000    -0.0000000     1.0000046
    156     0.0780000    -0.0000000     1.0000047
    157     0.0785000    -0.0000000     1.0000047
    158     0.0790000     0.0000000     1.0000047
    159     0.0795000     0.0000000     1.0000047
    160     0.0800000     0.0000000     1.0000048
    161     0.0805000     0.0000000     1.0000048
    162     0.0810000     0.0000000     1.0000048
    163     0.0815000     0.0000000     1.0000048
    164     0.0820000     0.0000000     1.0000049
      1     0.0005000    -0.0000000     1.0000000
      2     0.0010000    -0.0000000     1.0000001
      3     0.0015000     0.0000000     1.0000001
      4     0.0020000    -0.0000000     1.0000001
      5     0.0025000     0.0000000     1.0000002
      6     0.0030000     0.0000000     1.0000002
      7     0.0035000    -0.0000000     1.0000002
      8     0.0040000    -0.0000000     1.0000002
      9     0.0045000    -0.0000000     1.0000003
     10     0.0050000    -0.0000000     1.0000003
     11     0.0055000     0.0000000     1.0000004
     12     0.0060000     0.0000000     1.0000004
     13     0.0065000     0.0000000     1.0000004
     14     0.0070000     0.0000000     1.0000004
     15     0.0075000    -0.0000000     1.0000005
     16     0.0080000    -0.0000000     1.0000005
     17     0.0085000    -0.0000000     1.0000005
     18     0.0090000    -0.0000000     1.0000005
     19     0.0095000    -0.0000000     1.0000006
     20     0.0100000    -0.0000000     1.0000006
     21     0.0105000    -0.0000000     1.0000006
     22     0.0110000    -0.0000000     1.0000007
     23     0.0115000     0.0000000     1.0000007
     24     0.0120000     0.0000000     1.0000007
     25     0.0125000     0.0000000     1.0000008
     26     0.0130000     0.0000000     1.0000008
     27     0.0135000     0.0000000     1.0000008
     28     0.0140000     0.0000000     1.0000009
     29     0.0145000     0.0000000     1.0000009
     30     0.0150000     0.0000000     1.0000009
     31     0.0155000     0.0000000     1.0000009
     32     0.0160000     0.0000000     1.0000010
     33     0.0165000     0.0000000     1.0000010
     34     0.0170000     0.0000000     1.0000010
     35     0.0175000     0.0000000     1.0000011
     36     0.0180000    -0.0000000     1.0000011
     37     0.0185000    -0.0000000     1.0000011
     38     0.0190000    -0.0000000     1.0000011
     39     0.0195000    -0.0000000     1.0000012
     40     0.0200000    -0.0000000     1.0000012
     41     0.0205000    -0.0000000     1.0000012
     42     0.0210000    -0.0000000     1.0000013
     43     0.0215000    -0.0000000     1.0000013
     44     0.0220000    -0.0000000     1.0000013
     45     0.0225000    -0.0000000     1.0000014
     46     0.0230000    -0.0000000     1.0000014
     47     0.0235000    -0.0000000     1.0000014
     48     0.0240000    -0.0000000     1.0000014
     49     0.0245000    -0.0000000     1.0000015
     50     0.0250000    -0.0000000     1.0000015
     51     0.0255000    -0.0000000     1.0000015
     52     0.0260000    -0.0000000     1.0000016
     53     0.0265000    -0.0000000     1.0000016
     54     0.0270000    -0.0000000     1.0000016
     55     0.0275000    -0.0000000     1.0000017
     56     0.0280000     0.0000000     1.0000017
     57     0.0285000     0.0000000     1.0000017
     58     0.0290000     0.0000000     1.0000017
     59     0.0295000     0.0000000     1.0000018
     60     0.0300000     0.0000000     1.0000018
     61     0.0305000     0.0000000     1.0000018
     62     0.0310000     0.0000000     1.0000019
     63     0.0315000     0.0000000     1.0000019
     64     0.0320000     0.0000000     1.0000019
     65     0.0325000     0.0000000     1.0000020
     66     0.0330000     0.0000000     1.0000020
     67     0.0335000     0.0000000     1.0000020
     68     0.0340000    -0.0000000     1.0000020
     69     0.0345000    -0.0000000     1.0000021
     70     0.0350000    -0.0000000     1.0000021
     71     0.0355000    -0.0000000     1.0000021
     72     0.0360000    -0.0000000     1.0000022
     73     0.0365000    -0.0000000     1.0000022
     74     0.0370000    -0.0000000     1.0000022
     75     0.0375000    -0.0000000     1.0000023
     76     0.0380000    -0.0000000     1.0000023
     77     0.0385000    -0.0000000     1.0000023
     78     0.0390000     0.0000000     1.0000023
     79     0.0395000     0.0000000     1.0000024
     80     0.0400000     0.0000000     1.0000024
     81     0.0405000     0.0000000     1.0000024
     82     0.0410000     0.0000000     1.0000025
     83     0.0415000     0.0000000     1.0000025
     84     0.0420000     0.0000000     1.0000025
     85     0.0425000     0.0000000     1.0000025
     86     0.0430000     0.0000000     1.0000026
     87     0.0435000     0.0000000     1.0000026
     88     0.0440000     0.0000000     1.0000026
     89     0.0445000     0.0000000     1.0000027
     90     0.0450000     0.0000000     1.0000027
     91     0.0455000     0.0000000     1.0000027
     92     0.0460000     0.0000000     1.0000028
     93     0.0465000    -0.0000000     1.0000028
     94     0.0470000    -0.0000000     1.0000028
     95     0.0475000    -0.0000000     1.0000028
     96     0.0480000    -0.0000000     1.0000029
     97     0.0485000    -0.0000000     1.0000029
     98     0.0490000    -0.0000000     1.0000029
     99     0.0495000    -0.0000000     1.0000030
    100     0.0500000    -0.0000000     1.0000030
    101     0.0505000    -0.0000000     1.0000030
    102     0.0510000    -0.0000000     1.0000031
    103     0.0515000    -0.0000000     1.0000031
    104     0.0520000    -0.0000000     1.0000031
    105     0.0525000    -0.0000000     1.0000031
    106     0.0530000    -0.0000000     1.0000032
    107     0.0535000    -0.0000000     1.0000032
    108     0.0540000    -0.0000000     1.0000032
    109     0.0545000     0.0000000     1.0000033
    110     0.0550000     0.0000000     1.0000033
    111     0.0555000     0.0000000     1.0000033
    112     0.0560000     0.0000000     1.0000034
    113     0.0565000     0.0000000     1.0000034
    114     0.0570000     0.0000000     1.0000034
    115     0.0575000     0.0000000     1.0000034
    116     0.0580000     0.0000000     1.0000035
    117     0.0585000     0.0000000     1.0000035
    118     0.0590000     0.0000000     1.0000035
    119     0.0595000     0.0000000     1.0000036
    120     0.0600000     0.0000000     1.0000036
    121     0.0605000     0.0000000     1.0000036
    122     0.0610000     0.0000000     1.0000036
    123     0.0615000     0.0000000     1.0000037
    124     0.0620000     0.0000000     1.0000037
    125     0.0625000     0.0000000     1.0000037
    126     0.0630000     0.0000000     1.0000038
    127     0.0635000     0.0000000     1.0000038
    128     0.0640000     0.0000000     1.0000038
    129     0.0645000     0.0000000     1.0000039
    130     0.0650000     0.0000000     1.0000039
    131     0.0655000     0.0000000     1.0000039
    132     0.0660000     0.0000000     1.0000039
    133     0.0665000     0.0000000     1.0000040
    134     0.0670000     0.0000000     1.0000040
    135     0.0675000     0.0000000     1.0000040
    136     0.0680000    -0.0000000     1.0000041
    137     0.0685000    -0.0000000     1.0000041
    138     0.0690000    -0.0000000     1.0000041
    139     0.0695000    -0.0000000     1.0000042
    140     0.0700000    -0.0000000     1.0000042
    141     0.0705000    -0.0000000     1.0000042
    142     0.0710000    -0.0000000     1.0000043
    143     0.0715000    -0.0000000     1.0000043
    144     0.0720000    -0.0000000     1.0000043
    145     0.0725000    -0.0000000     1.0000043
    146     0.0730000    -0.0000000     1.0000044
    147     0.0735000    -0.0000000     1.0000044
    148     0.0740000    -0.0000000     1.0000044
    149     0.0745000    -0.0000000     1.0000045
    150     0.0750000    -0.0000000     1.0000045
    151     0.0755000    -0.0000000     1.0000045
    152     0.0760000    -0.0000000     1.0000046
    153     0.0765000    -0.0000000     1.0000046
    154     0.0770000    -0.0000000     1.0000046
    155     0.0775000    -0.0000000     1.0000046
    156     0.0780000    -0.0000000     1.0000047
    157     0.0785000    -0.0000000     1.0000047
    158     0.0790000     0.0000000     1.0000047
    159     0.0795000     0.0000000     1.0000047
    160     0.0800000     0.0000000     1.0000048
    161     0.0805000     0.0000000     1.0000048
    162     0.0810000     0.0000000     1.0000048
    163     0.0815000     0.0000000     1.0000048
    164     0.0820000     0.0000000     1.0000049
      1     0.0005000    -0.0000000     1.0000000
      2     0.0010000    -0.0000000     1.0000001
      3     0.0015000     0.0000000     1.0000001
      4     0.0020000    -0.0000000     1.0000001
      5     0.0025000     0.0000000     1.0000002
      6     0.0030000     0.0000000     1.0000002
      7     0.0035000    -0.0000000     1.0000002
      8     0.0040000    -0.0000000     1.0000002
      9     0.0045000    -0.0000000     1.0000003
     10     0.0050000    -0.0000000     1.0000003
     11     0.0055000     0.0000000     1.0000004
     12     0.0060000     0.0000000     1.0000004
     13     0.0065000     0.0000000     1.0000004
     14     0.0070000     0.0000000     1.0000004
     15     0.0075000    -0.0000000     1.0000005
     16     0.0080000    -0.0000000     1.0000005
     17     0.0085000    -0.0000000     1.0000005
     18     0.0090000    -0.0000000     1.0000005
     19     0.0095000    -0.0000000     1.0000006
     20     0.0100000    -0.0000000     1.0000006
     21     0.0105000    -0.0000000     1.0000006
     22     0.0110000    -0.0000000     1.0000007
     23     0.0115000     0.0000000     1.0000007
     24     0.0120000     0.0000000     1.0000007
     25     0.0125000     0.0000000     1.0000008
     26     0.0130000     0.0000000     1.0000008
     27     0.0135000     0.0000000     1.0000008
     28     0.0140000     0.0000000     1.0000009
     29     0.0145000     0.0000000     1.0000009
     30     0.0150000     0.0000000     1.0000009
     31     0.0155000     0.0000000     1.0000009
     32     0.0160000     0.0000000     1.0000010
     33     0.0165000     0.0000000     1.0000010
     34     0.0170000     0.0000000     1.0000010
     35     0.0175000     0.0000000     1.0000011
     36     0.0180000    -0.0000000     1.0000011
     37     0.0185000    -0.0000000     1.0000011
     38     0.0190000    -0.0000000     1.0000011
     39     0.0195000    -0.0000000     1.0000012
     40     0.0200000    -0.0000000     1.0000012
     41     0.0205000    -0.0000000     1.0000012
     42     0.0210000    -0.0000000     1.0000013
     43     0.0215000    -0.0000000     1.0000013
     44     0.0220000    -0.0000000     1.0000013
     45     0.0225000    -0.0000000     1.0000014
     46     0.0230000    -0.0000000     1.0000014
     47     0.0235000    -0.0000000     1.0000014
     48     0.0240000    -0.0000000     1.0000014
     49     0.0245000    -0.0000000     1.0000015
     50     0.0250000    -0.0000000     1.0000015
     51     0.0255000    -0.0000000     1.0000015
     52     0.0260000    -0.0000000     1.0000016
     53     0.0265000    -0.0000000     1.0000016
     54     0.0270000    -0.0000000     1.0000016
     55     0.0275000    -0.0000000     1.0000017
     56     0.0280000     0.0000000     1.0000017
     57     0.0285000     0.0000000     1.0000017
     58     0.0290000     0.0000000     1.0000017
     59     0.0295000     0.0000000     1.0000018
     60     0.0300000     0.0000000     1.0000018
     61     0.0305000     0.0000000     1.0000018
     62     0.0310000     0.0000000     1.0000019
     63     0.0315000     0.0000000     1.0000019
     64     0.0320000     0.0000000     1.0000019
     65     0.0325000     0.0000000     1.0000020
     66     0.0330000     0.0000000     1.0000020
     67     0.0335000     0.0000000     1.0000020
     68     0.0340000    -0.0000000     1.0000020
     69     0.0345000    -0.0000000     1.0000021
     70     0.0350000    -0.0000000     1.0000021
     71     0.0355000    -0.0000000     1.0000021
     72     0.0360000    -0.0000000     1.0000022
     73     0.0365000    -0.0000000     1.0000022
     74     0.0370000    -0.0000000     1.0000022
     75     0.0375000    -0.0000000     1.0000023
     76     0.0380000    -0.0000000     1.0000023
     77     0.0385000    -0.0000000     1.0000023
     78     0.0390000     0.0000000     1.0000023
     79     0.0395000     0.0000000     1.0000024
     80     0.0400000     0.0000000     1.0000024
     81     0.0405000     0.0000000     1.0000024
     82     0.0410000     0.0000000     1.0000025
     83     0.0415000     0.0000000     1.0000025
     84     0.0420000     0.0000000     1.0000025
     85     0.0425000     0.0000000     1.0000025
     86     0.0430000     0.0000000     1.0000026
     87     0.0435000     0.0000000     1.0000026
     88     0.0440000     0.0000000     1.0000026
     89     0.0445000     0.0000000     1.0000027
     90     0.0450000     0.0000000     1.0000027
     91     0.0455000     0.0000000     1.0000027
     92     0.0460000     0.0000000     1.0000028
     93     0.0465000    -0.0000000     1.0000028
     94     0.0470000    -0.0000000     1.0000028
     95     0.0475000    -0.0000000     1.0000028
     96     0.0480000    -0.0000000     1.0000029
     97     0.0485000    -0.0000000     1.0000029
     98     0.0490000    -0.0000000     1.0000029
     99     0.0495000    -0.0000000     1.0000030
    100     0.0500000    -0.0000000     1.0000030
    101     0.0505000    -0.0000000     1.0000030
    102     0.0510000    -0.0000000     1.0000031
    103     0.0515000    -0.0000000     1.0000031
    104     0.0520000    -0.0000000     1.0000031
    105     0.0525000    -0.0000000     1.0000031
    106     0.0530000    -0.0000000     1.0000032
    107     0.0535000    -0.0000000     1.0000032
    108     0.0540000    -0.0000000     1.0000032
    109     0.0545000     0.0000000     1.0000033
    110     0.0550000     0.0000000     1.0000033
    111     0.0555000     0.0000000     1.0000033
    112     0.0560000     0.0000000     1.0000034
    113     0.0565000     0.0000000     1.0000034
    114     0.0570000     0.0000000     1.0000034
    115     0.0575000     0.0000000     1.0000034
    116     0.0580000     0.0000000     1.0000035
    117     0.0585000     0.0000000     1.0000035
    118     0.0590000     0.0000000     1.0000035
    119     0.0595000     0.0000000     1.0000036
    120     0.0600000     0.0000000     1.0000036
    121     0.0605000     0.0000000     1.0000036
    122     0.0610000     0.0000000     1.0000036
    123     0.0615000     0.0000000     1.0000037
    124     0.0620000     0.0000000     1.0000037
    125     0.0625000     0.0000000     1.0000037
    126     0.0630000     0.0000000     1.0000038
    127     0.0635000     0.0000000     1.0000038
    128     0.0640000     0.0000000     1.0000038
    129     0.0645000     0.0000000     1.0000039
    130     0.0650000     0.0000000     1.0000039
    131     0.0655000     0.0000000     1.0000039
    132     0.0660000     0.0000000     1.0000039
    133     0.0665000     0.0000000     1.0000040
    134     0.0670000     0.0000000     1.0000040
    135     0.0675000     0.0000000     1.0000040
    136     0.0680000    -0.0000000     1.0000041
    137     0.0685000    -0.0000000     1.0000041
    138     0.0690000    -0.0000000     1.0000041
    139     0.0695000    -0.0000000     1.0000042
    140     0.0700000    -0.0000000     1.0000042
    141     0.0705000    -0.0000000     1.0000042
    142     0.0710000    -0.0000000     1.0000043
    143     0.0715000    -0.0000000     1.0000043
    144     0.0720000    -0.0000000     1.0000043
    145     0.0725000    -0.0000000     1.0000043
    146     0.0730000    -0.0000000     1.0000044
    147     0.0735000    -0.0000000     1.0000044
    148     0.0740000    -0.0000000     1.0000044
    149     0.0745000    -0.0000000     1.0000045
    150     0.0750000    -0.0000000     1.0000045
    151     0.0755000    -0.0000000     1.0000045
    152     0.0760000    -0.0000000     1.0000046
    153     0.0765000    -0.0000000     1.0000046
    154     0.0770000    -0.0000000     1.0000046
    155     0.0775000    -0.0000000     1.0000046
    156     0.0780000    -0.0000000     1.0000047
    157     0.0785000    -0.0000000     1.0000047
    158     0.0790000     0.0000000     1.0000047
    159     0.0795000     0.0000000     1.0000047
    160     0.0800000     0.0000000     1.0000048
    161     0.0805000     0.0000000     1.0000048
    162     0.0810000     0.0000000     1.0000048
    163     0.0815000     0.0000000     1.0000048
    164     0.0820000     0.0000000     1.0000049
      1     0.0005000    -0.0000000     1.0000000
      2     0.0010000    -0.0000000     1.0000001
      3     0.0015000     0.0000000     1.0000001
      4     0.0020000    -0.0000000     1.0000001
      5     0.0025000     0.0000000     1.0000002
      6     0.0030000     0.0000000     1.0000002
      7     0.0035000    -0.0000000     1.0000002
      8     0.0040000    -0.0000000     1.0000002
      9     0.0045000    -0.0000000     1.0000003
     10     0.0050000    -0.0000000     1.0000003
     11     0.0055000     0.0000000     1.0000004
     12     0.0060000     0.0000000     1.0000004
     13     0.0065000     0.0000000     1.0000004
     14     0.0070000     0.0000000     1.0000004
     15     0.0075000    -0.0000000     1.0000005
     16     0.0080000    -0.0000000     1.0000005
     17     0.0085000    -0.0000000     1.0000005
     18     0.0090000    -0.0000000     1.0000005
     19     0.0095000    -0.0000000     1.0000006
     20     0.0100000    -0.0000000     1.0000006
     21     0.0105000    -0.0000000     1.0000006
     22     0.0110000    -0.0000000     1.0000007
     23     0.0115000     0.0000000     1.0000007
     24     0.0120000     0.0000000     1.0000007
     25     0.0125000     0.0000000     1.0000008
     26     0.0130000     0.0000000     1.0000008
     27     0.0135000     0.0000000     1.0000008
     28     0.0140000     0.0000000     1.0000009
     29     0.0145000     0.0000000     1.0000009
     30     0.0150000     0.0000000     1.0000009
     31     0.0155000     0.0000000     1.0000009
     32     0.0160000     0.0000000     1.0000010
     33     0.0165000     0.0000000     1.0000010
     34     0.0170000     0.0000000     1.0000010
     35     0.0175000     0.0000000     1.0000011
     36     0.0180000    -0.0000000     1.0000011
     37     0.0185000    -0.0000000     1.0000011
     38     0.0190000    -0.0000000     1.0000011
     39     0.0195000    -0.0000000     1.0000012
     40     0.0200000    -0.0000000     1.0000012
     41     0.0205000    -0.0000000     1.0000012
     42     0.0210000    -0.0000000     1.0000013
     43     0.0215000    -0.0000000     1.0000013
     44     0.0220000    -0.0000000     1.0000013
     45     0.0225000    -0.0000000     1.0000014
     46     0.0230000    -0.0000000     1.0000014
     47     0.0235000    -0.0000000     1.0000014
     48     0.0240000    -0.0000000     1.0000014
     49     0.0245000    -0.0000000     1.0000015
     50     0.0250000    -0.0000000     1.0000015
     51     0.0255000    -0.0000000     1.0000015
     52     0.0260000    -0.0000000     1.0000016
     53     0.0265000    -0.0000000     1.0000016
     54     0.0270000    -0.0000000     1.0000016
     55     0.0275000    -0.0000000     1.0000017
     56     0.0280000     0.0000000     1.0000017
     57     0.0285000     0.0000000     1.0000017
     58     0.0290000     0.0000000     1.0000017
     59     0.0295000     0.0000000     1.0000018
     60     0.0300000     0.0000000     1.0000018
     61     0.0305000     0.0000000     1.0000018
     62     0.0310000     0.0000000     1.0000019
     63     0.0315000     0.0000000     1.0000019
     64     0.0320000     0.0000000     1.0000019
     65     0.0325000     0.0000000     1.0000020
     66     0.0330000     0.0000000     1.0000020
     67     0.0335000     0.0000000     1.0000020
     68     0.0340000    -0.0000000     1.0000020
     69     0.0345000    -0.0000000     1.0000021
     70     0.0350000    -0.0000000     1.0000021
     71     0.0355000    -0.0000000     1.0000021
     72     0.0360000    -0.0000000     1.0000022
     73     0.0365000    -0.0000000     1.0000022
     74     0.0370000    -0.0000000     1.0000022
     75     0.0375000    -0.0000000     1.0000023
     76     0.0380000    -0.0000000     1.0000023
     77     0.0385000    -0.0000000     1.0000023
     78     0.0390000     0.0000000     1.0000023
     79     0.0395000     0.0000000     1.0000024
     80     0.0400000     0.0000000     1.0000024
     81     0.0405000     0.0000000     1.0000024
     82     0.0410000     0.0000000     1.0000025
     83     0.0415000     0.0000000     1.0000025
     84     0.0420000     0.0000000     1.0000025
     85     0.0425000     0.0000000     1.0000025
     86     0.0430000     0.0000000     1.0000026
     87     0.0435000     0.0000000     1.0000026
     88     0.0440000     0.0000000     1.0000026
     89     0.0445000     0.0000000     1.0000027
     90     0.0450000     0.0000000     1.0000027
     91     0.0455000     0.0000000     1.0000027
     92     0.0460000     0.0000000     1.0000028
     93     0.0465000    -0.0000000     1.0000028
     94     0.0470000    -0.0000000     1.0000028
     95     0.0475000    -0.0000000     1.0000028
     96     0.0480000    -0.0000000     1.0000029
     97     0.0485000    -0.0000000     1.0000029
     98     0.0490000    -0.0000000     1.0000029
     99     0.0495000    -0.0000000     1.0000030
    100     0.0500000    -0.0000000     1.0000030
    101     0.0505000    -0.0000000     1.0000030
    102     0.0510000    -0.0000000     1.0000031
    103     0.0515000    -0.0000000     1.0000031
    104     0.0520000    -0.0000000     1.0000031
    105     0.0525000    -0.0000000     1.0000031
    106     0.0530000    -0.0000000     1.0000032
    107     0.0535000    -0.0000000     1.0000032
    108     0.0540000    -0.0000000     1.0000032
    109     0.0545000     0.0000000     1.0000033
    110     0.0550000     0.0000000     1.0000033
    111     0.0555000     0.0000000     1.0000033
    112     0.0560000     0.0000000     1.0000034
    113     0.0565000     0.0000000     1.0000034
    114     0.0570000     0.0000000     1.0000034
    115     0.0575000     0.0000000     1.0000034
    116     0.0580000     0.0000000     1.0000035
    117     0.0585000     0.0000000     1.0000035
    118     0.0590000     0.0000000     1.0000035
    119     0.0595000     0.0000000     1.0000036
    120     0.0600000     0.0000000     1.0000036
    121     0.0605000     0.0000000     1.0000036
    122     0.0610000     0.0000000     1.0000036
    123     0.0615000     0.0000000     1.0000037
    124     0.0620000     0.0000000     1.0000037
    125     0.0625000     0.0000000     1.0000037
    126     0.0630000     0.0000000     1.0000038
    127     0.0635000     0.0000000     1.0000038
    128     0.0640000     0.0000000     1.0000038
    129     0.0645000     0.0000000     1.0000039
    130     0.0650000     0.0000000     1.0000039
    131     0.0655000     0.0000000     1.0000039
    132     0.0660000     0.0000000     1.0000039
    133     0.0665000     0.0000000     1.0000040
    134     0.0670000     0.0000000     1.0000040
    135     0.0675000     0.0000000     1.0000040
    136     0.0680000    -0.0000000     1.0000041
    137     0.0685000    -0.0000000     1.0000041
    138     0.0690000    -0.0000000     1.0000041
    139     0.0695000    -0.0000000     1.0000042
    140     0.0700000    -0.0000000     1.0000042
    141     0.0705000    -0.0000000     1.0000042
    142     0.0710000    -0.0000000     1.0000043
    143     0.0715000    -0.0000000     1.0000043
    144     0.0720000    -0.0000000     1.0000043
    145     0.0725000    -0.0000000     1.0000043
    146     0.0730000    -0.0000000     1.0000044
    147     0.0735000    -0.0000000     1.0000044
    148     0.0740000    -0.0000000     1.0000044
    149     0.0745000    -0.0000000     1.0000045
    150     0.0750000    -0.0000000     1.0000045
    151     0.0755000    -0.0000000     1.0000045
    152     0.0760000    -0.0000000     1.0000046
    153     0.0765000    -0.0000000     1.0000046
    154     0.0770000    -0.0000000     1.0000046
    155     0.0775000    -0.0000000     1.0000046
    156     0.0780000    -0.0000000     1.0000047
    157     0.0785000    -0.0000000     1.0000047
    158     0.0790000     0.0000000     1.0000047
    159     0.0795000     0.0000000     1.0000047
    160     0.0800000     0.0000000     1.0000048
    161     0.0805000     0.0000000     1.0000048
    162     0.0810000     0.0000000     1.0000048
    163     0.0815000     0.0000000     1.0000048
    164     0.0820000     0.0000000     1.0000049
      1     0.0005000    -0.0000000     1.0000000
      2     0.0010000    -0.0000000     1.0000001
      3     0.0015000     0.0000000     1.0000001
      4     0.0020000    -0.0000000     1.0000001
      5     0.0025000     0.0000000     1.0000002
      6     0.0030000     0.0000000     1.0000002
      7     0.0035000    -0.0000000     1.0000002
      8     0.0040000    -0.0000000     1.0000002
      9     0.0045000    -0.0000000     1.0000003
     10     0.0050000    -0.0000000     1.0000003
     11     0.0055000     0.0000000     1.0000004
     12     0.0060000     0.0000000     1.0000004
     13     0.0065000     0.0000000     1.0000004
     14     0.0070000     0.0000000     1.0000004
     15     0.0075000    -0.0000000     1.0000005
     16     0.0080000    -0.0000000     1.0000005
     17     0.0085000    -0.0000000     1.0000005
     18     0.0090000    -0.0000000     1.0000005
     19     0.0095000    -0.0000000     1.0000006
     20     0.0100000    -0.0000000     1.0000006
     21     0.0105000    -0.0000000     1.0000006
     22     0.0110000    -0.0000000     1.0000007
     23     0.0115000     0.0000000     1.0000007
     24     0.0120000     0.0000000     1.0000007
     25     0.0125000     0.0000000     1.0000008
     26     0.0130000     0.0000000     1.0000008
     27     0.0135000     0.0000000     1.0000008
     28     0.0140000     0.0000000     1.0000009
     29     0.0145000     0.0000000     1.0000009
     30     0.0150000     0.0000000     1.0000009
     31     0.0155000     0.0000000     1.0000009
     32     0.0160000     0.0000000     1.0000010
     33     0.0165000     0.0000000     1.0000010
     34     0.0170000     0.0000000     1.0000010
     35     0.0175000     0.0000000     1.0000011
     36     0.0180000    -0.0000000     1.0000011
     37     0.0185000    -0.0000000     1.0000011
     38     0.0190000    -0.0000000     1.0000011
     39     0.0195000    -0.0000000     1.0000012
     40     0.0200000    -0.0000000     1.0000012
     41     0.0205000    -0.0000000     1.0000012
     42     0.0210000    -0.0000000     1.0000013
     43     0.0215000    -0.0000000     1.0000013
     44     0.0220000    -0.0000000     1.0000013
     45     0.0225000    -0.0000000     1.0000014
     46     0.0230000    -0.0000000     1.0000014
     47     0.0235000    -0.0000000     1.0000014
     48     0.0240000    -0.0000000     1.0000014
     49     0.0245000    -0.0000000     1.0000015
     50     0.0250000    -0.0000000     1.0000015
     51     0.0255000    -0.0000000     1.0000015
     52     0.0260000    -0.0000000     1.0000016
     53     0.0265000    -0.0000000     1.0000016
     54     0.0270000    -0.0000000     1.0000016
     55     0.0275000    -0.0000000     1.0000017
     56     0.0280000     0.0000000     1.0000017
     57     0.0285000     0.0000000     1.0000017
     58     0.0290000     0.0000000     1.0000017
     59     0.0295000     0.0000000     1.0000018
     60     0.0300000     0.0000000     1.0000018
     61     0.0305000     0.0000000     1.0000018
     62     0.0310000     0.0000000     1.0000019
     63     0.0315000     0.0000000     1.0000019
     64     0.0320000     0.0000000     1.0000019
     65     0.0325000     0.0000000     1.0000020
     66     0.0330000     0.0000000     1.0000020
     67     0.0335000     0.0000000     1.0000020
     68     0.0340000    -0.0000000     1.0000020
     69     0.0345000    -0.0000000     1.0000021
     70     0.0350000    -0.0000000     1.0000021
     71     0.0355000    -0.0000000     1.0000021
     72     0.0360000    -0.0000000     1.0000022
     73     0.0365000    -0.0000000     1.0000022
     74     0.0370000    -0.0000000     1.0000022
     75     0.0375000    -0.0000000     1.0000023
     76     0.0380000    -0.0000000     1.0000023
     77     0.0385000    -0.0000000     1.0000023
     78     0.0390000     0.0000000     1.0000023
     79     0.0395000     0.0000000     1.0000024
     80     0.0400000     0.0000000     1.0000024
     81     0.0405000     0.0000000     1.0000024
     82     0.0410000     0.0000000     1.0000025
     83     0.0415000     0.0000000     1.0000025
     84     0.0420000     0.0000000     1.0000025
     85     0.0425000     0.0000000     1.0000025
     86     0.0430000     0.0000000     1.0000026
     87     0.0435000     0.0000000     1.0000026
     88     0.0440000     0.0000000     1.0000026
     89     0.0445000     0.0000000     1.0000027
     90     0.0450000     0.0000000     1.0000027
     91     0.0455000     0.0000000     1.0000027
     92     0.0460000     0.0000000     1.0000028
     93     0.0465000    -0.0000000     1.0000028
     94     0.0470000    -0.0000000     1.0000028
     95     0.0475000    -0.0000000     1.0000028
     96     0.0480000    -0.0000000     1.0000029
     97     0.0485000    -0.0000000     1.0000029
     98     0.0490000    -0.0000000     1.0000029
     99     0.0495000    -0.0000000     1.0000030
    100     0.0500000    -0.0000000     1.0000030
      1     0.0005000    -0.0000000     1.0000000
      2     0.0010000    -0.0000000     1.0000001
      3     0.0015000     0.0000000     1.0000001
      4     0.0020000    -0.0000000     1.0000001
      5     0.0025000     0.0000000     1.0000002
      6     0.0030000     0.0000000     1.0000002
      7     0.0035000    -0.0000000     1.0000002
      8     0.0040000    -0.0000000     1.0000002
      9     0.0045000    -0.0000000     1.0000003
     10     0.0050000    -0.0000000     1.0000003
     11     0.0055000     0.0000000     1.0000004
     12     0.0060000     0.0000000     1.0000004
     13     0.0065000     0.0000000     1.0000004
     14     0.0070000     0.0000000     1.0000004
     15     0.0075000    -0.0000000     1.0000005
     16     0.0080000    -0.0000000     1.0000005
     17     0.0085000    -0.0000000     1.0000005
     18     0.0090000    -0.0000000     1.0000005
     19     0.0095000    -0.0000000     1.0000006
     20     0.0100000    -0.0000000     1.0000006
     21     0.0105000    -0.0000000     1.0000006
     22     0.0110000    -0.0000000     1.0000007
     23     0.0115000     0.0000000     1.0000007
     24     0.0120000     0.0000000     1.0000007
     25     0.0125000     0.0000000     1.0000008
     26     0.0130000     0.0000000     1.0000008
     27     0.0135000     0.0000000     1.0000008
     28     0.0140000     0.0000000     1.0000009
     29     0.0145000     0.0000000     1.0000009
     30     0.0150000     0.0000000     1.0000009
     31     0.0155000     0.0000000     1.0000009
     32     0.0160000     0.0000000     1.0000010
     33     0.0165000     0.0000000     1.0000010
     34     0.0170000     0.0000000     1.0000010
     35     0.0175000     0.0000000     1.0000011
     36     0.0180000    -0.0000000     1.0000011
     37     0.0185000    -0.0000000     1.0000011
     38     0.0190000    -0.0000000     1.0000011
     39     0.0195000    -0.0000000     1.0000012
     40     0.0200000    -0.0000000     1.0000012
     41     0.0205000    -0.0000000     1.0000012
     42     0.0210000    -0.0000000     1.0000013
     43     0.0215000    -0.0000000     1.0000013
     44     0.0220000    -0.0000000     1.0000013
     45     0.0225000    -0.0000000     1.0000014
     46     0.0230000    -0.0000000     1.0000014
     47     0.0235000    -0.0000000     1.0000014
     48     0.0240000    -0.0000000     1.0000014
     49     0.0245000    -0.0000000     1.0000015
     50     0.0250000    -0.0000000     1.0000015
      1     0.0005000    -0.0000000     1.0000000
      2     0.0010000    -0.0000000     1.0000001
      3     0.0015000     0.0000000     1.0000001
      4     0.0020000    -0.0000000     1.0000001
      5     0.0025000     0.0000000     1.0000002
      6     0.0030000     0.0000000     1.0000002
      7     0.0035000    -0.0000000     1.0000002
      8     0.0040000    -0.0000000     1.0000002
      9     0.0045000    -0.0000000     1.0000003
     10     0.0050000    -0.0000000     1.0000003
     11     0.0055000     0.0000000     1.0000004
     12     0.0060000     0.0000000     1.0000004
     13     0.0065000     0.0000000     1.0000004
     14     0.0070000     0.0000000     1.0000004
     15     0.0075000    -0.0000000     1.0000005
     16     0.0080000    -0.0000000     1.0000005
     17     0.0085000    -0.0000000     1.0000005
     18     0.0090000    -0.0000000     1.0000005
     19     0.0095000    -0.0000000     1.0000006
     20     0.0100000    -0.0000000     1.0000006
     21     0.0105000    -0.0000000     1.0000006
     22     0.0110000    -0.0000000     1.0000007
     23     0.0115000     0.0000000     1.0000007
     24     0.0120000     0.0000000     1.0000007
     25     0.0125000     0.0000000     1.0000008
     26     0.0130000     0.0000000     1.0000008
     27     0.0135000     0.0000000     1.0000008
     28     0.0140000     0.0000000     1.0000009
     29     0.0145000     0.0000000     1.0000009
     30     0.0150000     0.0000000     1.0000009
     31     0.0155000     0.0000000     1.0000009
     32     0.0160000     0.0000000     1.0000010
     33     0.0165000     0.0000000     1.0000010
     34     0.0170000     0.0000000     1.0000010
     35     0.0175000     0.0000000     1.0000011
     36     0.0180000    -0.0000000     1.0000011
     37     0.0185000    -0.0000000     1.0000011
     38     0.0190000    -0.0000000     1.0000011
     39     0.0195000    -0.0000000     1.0000012
     40     0.0200000    -0.0000000     1.0000012
     41     0.0205000    -0.0000000     1.0000012
     42     0.0210000    -0.0000000     1.0000013
     43     0.0215000    -0.0000000     1.0000013
     44     0.0220000    -0.0000000     1.0000013
     45     0.0225000    -0.0000000     1.0000014
     46     0.0230000    -0.0000000     1.0000014
     47     0.0235000    -0.0000000     1.0000014
     48     0.0240000    -0.0000000     1.0000014
     49     0.0245000    -0.0000000     1.0000015
     50     0.0250000    -0.0000000     1.0000015
      1     0.0005000    -0.0000000     1.0000000
      2     0.0010000    -0.0000000     1.0000001
      3     0.0015000     0.0000000     1.0000001
      4     0.0020000    -0.0000000     1.0000001
      5     0.0025000     0.0000000     1.0000002
      6     0.0030000     0.0000000     1.0000002
      7     0.0035000    -0.0000000     1.0000002
      8     0.0040000    -0.0000000     1.0000002
      9     0.0045000    -0.0000000     1.0000003
     10     0.0050000    -0.0000000     1.0000003
     11     0.0055000     0.0000000     1.0000004
     12     0.0060000     0.0000000     1.0000004
     13     0.0065000     0.0000000     1.0000004
     14     0.0070000     0.0000000     1.0000004
     15     0.0075000    -0.0000000     1.0000005
     16     0.0080000    -0.0000000     1.0000005
     17     0.0085000    -0.0000000     1.0000005
     18     0.0090000    -0.0000000     1.0000005
     19     0.0095000    -0.0000000     1.0000006
     20     0.0100000    -0.0000000     1.0000006
     21     0.0105000    -0.0000000     1.0000006
     22     0.0110000    -0.0000000     1.0000007
     23     0.0115000     0.0000000     1.0000007
     24     0.0120000     0.0000000     1.0000007
     25     0.0125000     0.0000000     1.0000008
     26     0.0130000     0.0000000     1.0000008
     27     0.0135000     0.0000000     1.0000008
     28     0.0140000     0.0000000     1.0000009
     29     0.0145000     0.0000000     1.0000009
     30     0.0150000     0.0000000     1.0000009
     31     0.0155000     0.0000000     1.0000009
     32     0.0160000     0.0000000     1.0000010
     33     0.0165000     0.0000000     1.0000010
     34     0.0170000     0.0000000     1.0000010
     35     0.0175000     0.0000000     1.0000011
     36     0.0180000    -0.0000000     1.0000011
     37     0.0185000    -0.0000000     1.0000011
     38     0.0190000    -0.0000000     1.0000011
     39     0.0195000    -0.0000000     1.0000012
     40     0.0200000    -0.0000000     1.0000012
     41     0.0205000    -0.0000000     1.0000012
     42     0.0210000    -0.0000000     1.0000013
     43     0.0215000    -0.0000000     1.0000013
     44     0.0220000    -0.0000000     1.0000013
     45     0.0225000    -0.0000000     1.0000014
     46     0.0230000    -0.0000000     1.0000014
     47     0.0235000    -0.0000000     1.0000014
     48     0.0240000    -0.0000000     1.0000014
     49     0.0245000    -0.0000000     1.0000015
     50     0.0250000    -0.0000000     1.0000015
      1     0.0005000    -0.0000000     1.0000000
      2     0.0010000    -0.0000000     1.0000001
      3     0.0015000     0.0000000     1.0000001
      4     0.0020000    -0.0000000     1.0000001
      5     0.0025000     0.0000000     1.0000002
      6     0.0030000     0.0000000     1.0000002
      7     0.0035000    -0.0000000     1.0000002
      8     0.0040000    -0.0000000     1.0000002
      9     0.0045000    -0.0000000     1.0000003
     10     0.0050000    -0.0000000     1.0000003
     11     0.0055000     0.0000000     1.0000004
     12     0.0060000     0.0000000     1.0000004
     13     0.0065000     0.0000000     1.0000004
     14     0.0070000     0.0000000     1.0000004
     15     0.0075000    -0.0000000     1.0000005
     16     0.0080000    -0.0000000     1.0000005
     17     0.0085000    -0.0000000     1.0000005
     18     0.0090000    -0.0000000     1.0000005
     19     0.0095000    -0.0000000     1.0000006
     20     0.0100000    -0.0000000     1.0000006
     21     0.0105000    -0.0000000     1.0000006
     22     0.0110000    -0.0000000     1.0000007
     23     0.0115000     0.0000000     1.0000007
     24     0.0120000     0.0000000     1.0000007
     25     0.0125000     0.0000000     1.0000008
     26     0.0130000     0.0000000     1.0000008
     27     0.0135000     0.0000000     1.0000008
     28     0.0140000     0.0000000     1.0000009
     29     0.0145000     0.0000000     1.0000009
     30     0.0150000     0.0000000     1.0000009
     31     0.0155000     0.0000000     1.0000009
     32     0.0160000     0.0000000     1.0000010
     33     0.0165000     0.0000000     1.0000010
     34     0.0170000     0.0000000     1.0000010
     35     0.0175000     0.0000000     1.0000011
     36     0.0180000    -0.0000000     1.0000011
     37     0.0185000    -0.0000000     1.0000011
     38     0.0190000    -0.0000000     1.0000011
     39     0.0195000    -0.0000000     1.0000012
     40     0.0200000    -0.0000000     1.0000012
     41     0.0205000    -0.0000000     1.0000012
     42     0.0210000    -0.0000000     1.0000013
     43     0.0215000    -0.0000000     1.0000013
     44     0.0220000    -0.0000000     1.0000013
     45     0.0225000    -0.0000000     1.0000014
     46     0.0230000    -0.0000000     1.0000014
     47     0.0235000    -0.0000000     1.0000014
     48     0.0240000    -0.0000000     1.0000014
     49     0.0245000    -0.0000000     1.0000015
     50     0.0250000    -0.0000000     1.0000015
      1     0.0005000    -0.0000000     1.0000000
      2     0.0010000    -0.0000000     1.0000001
      3     0.0015000     0.0000000     1.0000001
      4     0.0020000    -0.0000000     1.0000001
      5     0.0025000     0.0000000     1.0000002
      6     0.0030000     0.0000000     1.0000002
      7     0.0035000    -0.0000000     1.0000002
      8     0.0040000    -0.0000000     1.0000002
      9     0.0045000    -0.0000000     1.0000003
     10     0.0050000    -0.0000000     1.0000003
     11     0.0055000     0.0000000     1.0000004
     12     0.0060000     0.0000000     1.0000004
     13     0.0065000     0.0000000     1.0000004
     14     0.0070000     0.0000000     1.0000004
     15     0.0075000    -0.0000000     1.0000005
     16     0.0080000    -0.0000000     1.0000005
     17     0.0085000    -0.0000000     1.0000005
     18     0.0090000    -0.0000000     1.0000005
     19     0.0095000    -0.0000000     1.0000006
     20     0.0100000    -0.0000000     1.0000006
     21     0.0105000    -0.0000000     1.0000006
     22     0.0110000    -0.0000000     1.0000007
     23     0.0115000     0.0000000     1.0000007
     24     0.0120000     0.0000000     1.0000007
     25     0.0125000     0.0000000     1.0000008
     26     0.0130000     0.0000000     1.0000008
     27     0.0135000     0.0000000     1.0000008
     28     0.0140000     0.0000000     1.0000009
     29     0.0145000     0.0000000     1.0000009
     30     0.0150000     0.0000000     1.0000009
     31     0.0155000     0.0000000     1.0000009
     32     0.0160000     0.0000000     1.0000010
     33     0.0165000     0.0000000     1.0000010
     34     0.0170000     0.0000000     1.0000010
     35     0.0175000     0.0000000     1.0000011
     36     0.0180000    -0.0000000     1.0000011
     37     0.0185000    -0.0000000     1.0000011
     38     0.0190000    -0.0000000     1.0000011
     39     0.0195000    -0.0000000     1.0000012
     40     0.0200000    -0.0000000     1.0000012
     41     0.0205000    -0.0000000     1.0000012
     42     0.0210000    -0.0000000     1.0000013
     43     0.0215000    -0.0000000     1.0000013
     44     0.0220000    -0.0000000     1.0000013
     45     0.0225000    -0.0000000     1.0000014
     46     0.0230000    -0.0000000     1.0000014
     47     0.0235000    -0.0000000     1.0000014
     48     0.0240000    -0.0000000     1.0000014
     49     0.0245000    -0.0000000     1.0000015
     50     0.0250000    -0.0000000     1.0000015
      1     0.0005000    -0.0000000     1.0000000
      2     0.0010000    -0.0000000     1.0000001
      3     0.0015000     0.0000000     1.0000001
      4     0.0020000    -0.0000000     1.0000001
      5     0.0025000     0.0000000     1.0000002
      6     0.0030000     0.0000000     1.0000002
      7     0.0035000    -0.0000000     1.0000002
      8     0.0040000    -0.0000000     1.0000002
      9     0.0045000    -0.0000000     1.0000003
     10     0.0050000    -0.0000000     1.0000003
     11     0.0055000     0.0000000     1.0000004
     12     0.0060000     0.0000000     1.0000004
     13     0.0065000     0.0000000     1.0000004
     14     0.0070000     0.0000000     1.0000004
     15     0.0075000    -0.0000000     1.0000005
     16     0.0080000    -0.0000000     1.0000005
     17     0.0085000    -0.0000000     1.0000005
     18     0.0090000    -0.0000000     1.0000005
     19     0.0095000    -0.0000000     1.0000006
     20     0.0100000    -0.0000000     1.0000006
     21     0.0105000    -0.0000000     1.0000006
     22     0.0110000    -0.0000000     1.0000007
     23     0.0115000     0.0000000     1.0000007
     24     0.0120000     0.0000000     1.0000007
     25     0.0125000     0.0000000     1.0000008
     26     0.0130000     0.0000000     1.0000008
     27     0.0135000     0.0000000     1.0000008
     28     0.0140000     0.0000000     1.0000009
     29     0.0145000     0.0000000     1.0000009
     30     0.0150000     0.0000000     1.0000009
     31     0.0155000     0.0000000     1.0000009
     32     0.0160000     0.0000000     1.0000010
     33     0.0165000     0.0000000     1.0000010
     34     0.0170000     0.0000000     1.0000010
     35     0.0175000     0.0000000     1.0000011
     36     0.0180000    -0.0000000     1.0000011
     37     0.0185000    -0.0000000     1.0000011
     38     0.0190000    -0.0000000     1.0000011
     39     0.0195000    -0.0000000     1.0000012
     40     0.0200000    -0.0000000     1.0000012
     41     0.0205000    -0.0000000     1.0000012
     42     0.0210000    -0.0000000     1.0000013
     43     0.0215000    -0.0000000     1.0000013
     44     0.0220000    -0.0000000     1.0000013
     45     0.0225000    -0.0000000     1.0000014
     46     0.0230000    -0.0000000     1.0000014
     47     0.0235000    -0.0000000     1.0000014
     48     0.0240000    -0.0000000     1.0000014
     49     0.0245000    -0.0000000     1.0000015
     50     0.0250000    -0.0000000     1.0000015
      1     0.0005000    -0.0000000     1.0000000
      2     0.0010000    -0.0000000     1.0000001
      3     0.0015000     0.0000000     1.0000001
      4     0.0020000    -0.0000000     1.0000001
      5     0.0025000     0.0000000     1.0000002
      6     0.0030000     0.0000000     1.0000002
      7     0.0035000    -0.0000000     1.0000002
      8     0.0040000    -0.0000000     1.0000002
      9     0.0045000    -0.0000000     1.0000003
     10     0.0050000    -0.0000000     1.0000003
     11     0.0055000     0.0000000     1.0000004
     12     0.0060000     0.0000000     1.0000004
     13     0.0065000     0.0000000     1.0000004
     14     0.0070000     0.0000000     1.0000004
     15     0.0075000    -0.0000000     1.0000005
     16     0.0080000    -0.0000000     1.0000005
     17     0.0085000    -0.0000000     1.0000005
     18     0.0090000    -0.0000000     1.0000005
     19     0.0095000    -0.0000000     1.0000006
     20     0.0100000    -0.0000000     1.0000006
     21     0.0105000    -0.0000000     1.0000006
     22     0.0110000    -0.0000000     1.0000007
     23     0.0115000     0.0000000     1.0000007
     24     0.0120000     0.0000000     1.0000007
     25     0.0125000     0.0000000     1.0000008
     26     0.0130000     0.0000000     1.0000008
     27     0.0135000     0.0000000     1.0000008
     28     0.0140000     0.0000000     1.0000009
     29     0.0145000     0.0000000     1.0000009
     30     0.0150000     0.0000000     1.0000009
     31     0.0155000     0.0000000     1.0000009
     32     0.0160000     0.0000000     1.0000010
     33     0.0165000     0.0000000     1.0000010
     34     0.0170000     0.0000000     1.0000010
     35     0.0175000     0.0000000     1.0000011
     36     0.0180000    -0.0000000     1.0000011
     37     0.0185000    -0.0000000     1.0000011
     38     0.0190000    -0.0000000     1.0000011
     39     0.0195000    -0.0000000     1.0000012
     40     0.0200000    -0.0000000     1.0000012
     41     0.0205000    -0.0000000     1.0000012
     42     0.0210000    -0.0000000     1.0000013
     43     0.0215000    -0.0000000     1.0000013
     44     0.0220000    -0.0000000     1.0000013
     45     0.0225000    -0.0000000     1.0000014
     46     0.0230000    -0.0000000     1.0000014
     47     0.0235000    -0.0000000     1.0000014
     48     0.0240000    -0.0000000     1.0000014
     49     0.0245000    -0.0000000     1.0000015
     50     0.0250000    -0.0000000     1.0000015
      1     0.0005000    -0.0000000     1.0000000
      2     0.0010000    -0.0000000     1.0000001
      3     0.0015000     0.0000000     1.0000001
      4     0.0020000    -0.0000000     1.0000001
      5     0.0025000     0.0000000     1.0000002
      6     0.0030000     0.0000000     1.0000002
      7     0.0035000    -0.0000000     1.0000002
      8     0.0040000    -0.0000000     1.0000002
      9     0.0045000    -0.0000000     1.0000003
     10     0.0050000    -0.0000000     1.0000003
     11     0.0055000     0.0000000     1.0000004
     12     0.0060000     0.0000000     1.0000004
     13     0.0065000     0.0000000     1.0000004
     14     0.0070000     0.0000000     1.0000004
     15     0.0075000    -0.0000000     1.0000005
     16     0.0080000    -0.0000000     1.0000005
     17     0.0085000    -0.0000000     1.0000005
     18     0.0090000    -0.0000000     1.0000005
     19     0.0095000    -0.0000000     1.0000006
     20     0.0100000    -0.0000000     1.0000006
     21     0.0105000    -0.0000000     1.0000006
     22     0.0110000    -0.0000000     1.0000007
     23     0.0115000     0.0000000     1.0000007
     24     0.0120000     0.0000000     1.0000007
     25     0.0125000     0.0000000     1.0000008
     26     0.0130000     0.0000000     1.0000008
     27     0.0135000     0.0000000     1.0000008
     28     0.0140000     0.0000000     1.0000009
     29     0.0145000     0.0000000     1.0000009
     30     0.0150000     0.0000000     1.0000009
     31     0.0155000     0.0000000     1.0000009
     32     0.0160000     0.0000000     1.0000010
     33     0.0165000     0.0000000     1.0000010
     34     0.0170000     0.0000000     1.0000010
     35     0.0175000     0.0000000     1.0000011
     36     0.0180000    -0.0000000     1.0000011
     37     0.0185000    -0.0000000     1.0000011
     38     0.0190000    -0.0000000     1.0000011
     39     0.0195000    -0.0000000     1.0000012
     40     0.0200000    -0.0000000     1.0000012
     41     0.0205000    -0.0000000     1.0000012
     42     0.0210000    -0.0000000     1.0000013
     43     0.0215000    -0.0000000     1.0000013
     44     0.0220000    -0.0000000     1.0000013
     45     0.0225000    -0.0000000     1.0000014
     46     0.0230000    -0.0000000     1.0000014
     47     0.0235000    -0.0000000     1.0000014
     48     0.0240000    -0.0000000     1.0000014
     49     0.0245000    -0.0000000     1.0000015
     50     0.0250000    -0.0000000     1.0000015
